((("vlinkpre" .
   [0 0 0 1 0 0 0 1])
  ("inc" .
   [0 0 1])
  ("load" .
   [1 0 0 0])
  ("hello-world.lisp" .
   [0 0 0 0 0 0 0 0 0 1 0 1 0 0 0 0])
  ("goto-char" .
   [1 0 0 0 0 0 0 0 1])
  ("Inc" .
   [0 0 1])
  ("nil" .
   [1 0 0])
  ("t" .
   [1])
  ("re-search-backward" .
   [0 0 0 0 0 1 0 0 0 0 0 0 0 0 0 0 0 0])
  ("em-hist.elc" .
   [0 0 0 0 0 0 1 0 0 0 0])
  ("Emacs" .
   [0 0 2 0 0])
  ("setsid" .
   [2 0 0 0 0 0])
  ("&1" .
   [1 0])
  ("/dev/null" .
   [0 0 0 0 0 1 0 0 0])
  ("ed" .
   [1 0])
  ("eclipse" .
   [1 0 0 0 0 0 0])
  ("org" .
   [0 0 1])
  ("in" .
   [2 0])
  ("cout" .
   [2 0 0 1])
  ("greater" .
   [1 0 0 0 0 0 0])))
